[gd_scene load_steps=7 format=2]

[ext_resource path="res://Rooms/dark_ground.tres" type="Material" id=1]
[ext_resource path="res://Frames/BasicFrame.tscn" type="PackedScene" id=2]
[ext_resource path="res://Scripts/Room.gd" type="Script" id=3]
[ext_resource path="res://Rooms/white_wall.tres" type="Material" id=4]

[sub_resource type="CubeMesh" id=1]

[sub_resource type="ConvexPolygonShape" id=2]
points = PoolVector3Array( -1, 1, 1, 1, 1, -1, 1, 1, 1, -1, 1, -1, -1, -1, 1, 1, -1, -1, 1, -1, 1, -1, -1, -1, 1, 1, 1, -1, 1, -1, 1, 1, -1, -1, 1, 1, 1, -1, 1, -1, -1, -1, 1, -1, -1, -1, -1, 1, 1, 1, 1, -1, -1, 1, -1, 1, 1, 1, -1, 1, 1, 1, -1, -1, -1, -1, -1, 1, -1, 1, -1, -1 )

[node name="Room" type="Spatial"]
script = ExtResource( 3 )

[node name="Ground" type="StaticBody" parent="."]
input_ray_pickable = false

[node name="GroundMesh" type="MeshInstance" parent="Ground"]
transform = Transform( 10, 0, 0, 0, 1, 0, 0, 0, 10, 0, -0.5, 0 )
mesh = SubResource( 1 )
material/0 = ExtResource( 1 )

[node name="CollisionShape" type="CollisionShape" parent="Ground"]
transform = Transform( 10, 0, 0, 0, 1, 0, 0, 0, 11, 0, -0.5, 0 )
shape = SubResource( 2 )

[node name="BasicFrame" parent="." instance=ExtResource( 2 )]
transform = Transform( 1, 0, 0, 0, 1, 0, 0, 0, 1, -2, 0, -9.83 )

[node name="SpotLight" type="SpotLight" parent="BasicFrame"]
transform = Transform( 1, 0, 0, 0, 0.405285, 0.91419, 0, -0.91419, 0.405285, 0, 4.88921, 0.969901 )
light_color = Color( 0.952941, 0.941176, 0.768627, 1 )
shadow_enabled = true

[node name="BasicFrame3" parent="." instance=ExtResource( 2 )]
transform = Transform( 1, 0, 0, 0, 1, 0, 0, 0, 1, 3, 0, -9.83 )

[node name="SpotLight" type="SpotLight" parent="BasicFrame3"]
transform = Transform( 1, 0, 0, 0, 0.405285, 0.91419, 0, -0.91419, 0.405285, 0, 4.88921, 0.969901 )
light_color = Color( 0.952941, 0.941176, 0.768627, 1 )
shadow_enabled = true

[node name="BasicFrame2" parent="." instance=ExtResource( 2 )]
transform = Transform( 1, 0, 0, 0, 1, 0, 0, 0, 1, -7, 0, -9.83 )

[node name="SpotLight" type="SpotLight" parent="BasicFrame2"]
transform = Transform( 1, 0, 0, 0, 0.405285, 0.91419, 0, -0.91419, 0.405285, 0, 4.88921, 0.969901 )
light_color = Color( 0.952941, 0.941176, 0.768627, 1 )
shadow_enabled = true

[node name="BasicFrame6" parent="." instance=ExtResource( 2 )]
transform = Transform( -1, 0, -8.74228e-08, 0, 1, 0, 8.74228e-08, 0, -1, 0, 0, 9.83 )

[node name="SpotLight" type="SpotLight" parent="BasicFrame6"]
transform = Transform( 1, 0, 0, 0, 0.405285, 0.91419, 0, -0.91419, 0.405285, 0, 4.88921, 0.969901 )
light_color = Color( 0.952941, 0.941176, 0.768627, 1 )
shadow_enabled = true

[node name="BasicFrame5" parent="." instance=ExtResource( 2 )]
transform = Transform( -1, 0, -8.74228e-08, 0, 1, 0, 8.74228e-08, 0, -1, -5, 0, 9.83 )

[node name="SpotLight" type="SpotLight" parent="BasicFrame5"]
transform = Transform( 1, 0, 0, 0, 0.405285, 0.91419, 0, -0.91419, 0.405285, 0, 4.88921, 0.969901 )
light_color = Color( 0.952941, 0.941176, 0.768627, 1 )
shadow_enabled = true

[node name="BasicFrame4" parent="." instance=ExtResource( 2 )]
transform = Transform( -1, 0, -8.74228e-08, 0, 1, 0, 8.74228e-08, 0, -1, 5, 0, 9.83 )

[node name="SpotLight" type="SpotLight" parent="BasicFrame4"]
transform = Transform( 1, 0, 0, 0, 0.405285, 0.91419, 0, -0.91419, 0.405285, 0, 4.88921, 0.969901 )
light_color = Color( 0.952941, 0.941176, 0.768627, 1 )
shadow_enabled = true

[node name="BasicFrame12" parent="." instance=ExtResource( 2 )]
transform = Transform( -4.37114e-08, 0, 1, 0, 1, 0, -1, 0, -4.37114e-08, -9.83, 0, 4.29683e-07 )

[node name="SpotLight" type="SpotLight" parent="BasicFrame12"]
transform = Transform( 1, 0, 0, 0, 0.405285, 0.91419, 0, -0.91419, 0.405285, 0, 4.88921, 0.969901 )
light_color = Color( 0.952941, 0.941176, 0.768627, 1 )
shadow_enabled = true

[node name="BasicFrame11" parent="." instance=ExtResource( 2 )]
transform = Transform( -4.37114e-08, 0, 1, 0, 1, 0, -1, 0, -4.37114e-08, -9.83, 0, -5 )

[node name="SpotLight" type="SpotLight" parent="BasicFrame11"]
transform = Transform( 1, 0, 0, 0, 0.405285, 0.91419, 0, -0.91419, 0.405285, 0, 4.88921, 0.969901 )
light_color = Color( 0.952941, 0.941176, 0.768627, 1 )
shadow_enabled = true

[node name="BasicFrame10" parent="." instance=ExtResource( 2 )]
transform = Transform( -4.37114e-08, 0, 1, 0, 1, 0, -1, 0, -4.37114e-08, -9.83, 0, 5 )

[node name="SpotLight" type="SpotLight" parent="BasicFrame10"]
transform = Transform( 1, 0, 0, 0, 0.405285, 0.91419, 0, -0.91419, 0.405285, 0, 4.88921, 0.969901 )
light_color = Color( 0.952941, 0.941176, 0.768627, 1 )
shadow_enabled = true

[node name="BasicFrame9" parent="." instance=ExtResource( 2 )]
transform = Transform( 1.31134e-07, 0, -1, 0, 1, 0, 1, 0, 1.31134e-07, 9.83, 0, -4.29683e-07 )

[node name="SpotLight" type="SpotLight" parent="BasicFrame9"]
transform = Transform( 1, 0, 0, 0, 0.405285, 0.91419, 0, -0.91419, 0.405285, 0, 4.88921, 0.969901 )
light_color = Color( 0.952941, 0.941176, 0.768627, 1 )
shadow_enabled = true

[node name="BasicFrame8" parent="." instance=ExtResource( 2 )]
transform = Transform( 1.31134e-07, 0, -1, 0, 1, 0, 1, 0, 1.31134e-07, 9.83, 0, 5 )

[node name="SpotLight" type="SpotLight" parent="BasicFrame8"]
transform = Transform( 1, 0, 0, 0, 0.405285, 0.91419, 0, -0.91419, 0.405285, 0, 4.88921, 0.969901 )
light_color = Color( 0.952941, 0.941176, 0.768627, 1 )
shadow_enabled = true

[node name="BasicFrame7" parent="." instance=ExtResource( 2 )]
transform = Transform( 1.31134e-07, 0, -1, 0, 1, 0, 1, 0, 1.31134e-07, 9.83, 0, -5 )

[node name="SpotLight" type="SpotLight" parent="BasicFrame7"]
transform = Transform( 1, 0, 0, 0, 0.405285, 0.91419, 0, -0.91419, 0.405285, 0, 4.88921, 0.969901 )
light_color = Color( 0.952941, 0.941176, 0.768627, 1 )
shadow_enabled = true

[node name="CSGBox" type="CSGBox" parent="."]
transform = Transform( 10, 0, 0, 0, 5, 0, 0, 0, 10, 0, 5, 0 )
use_collision = true
material = ExtResource( 4 )

[node name="CSGBox2" type="CSGBox" parent="CSGBox"]
transform = Transform( 0.99, 0, 0, 0, 1.1, 0, 0, 0, 0.99, 0, -0.12, 0 )
operation = 2
material = ExtResource( 4 )

[node name="CSGBox" type="CSGBox" parent="CSGBox/CSGBox2"]
transform = Transform( 0.20202, 0, 0, 0, 0.636364, 0, 0, 0, 0.10101, 0.707071, -0.254545, -1.0101 )
